1.715000000000000000e+02
1.360000000000000000e+02
1.660000000000000000e+02
1.270000000000000000e+02
1.420000000000000000e+02
1.490000000000000000e+02
1.520000000000000000e+02
1.565000000000000000e+02
1.765000000000000000e+02
1.590000000000000000e+02
1.525000000000000000e+02
1.755000000000000000e+02
1.820000000000000000e+02
1.475000000000000000e+02
1.360000000000000000e+02
1.185000000000000000e+02
1.330000000000000000e+02
1.460000000000000000e+02
1.355000000000000000e+02
1.325000000000000000e+02
1.610000000000000000e+02
1.435000000000000000e+02
1.725000000000000000e+02
1.480000000000000000e+02
1.710000000000000000e+02
1.725000000000000000e+02
1.800000000000000000e+02
1.230000000000000000e+02
1.470000000000000000e+02
1.010000000000000000e+02
1.300000000000000000e+02
9.350000000000000000e+01
1.620000000000000000e+02
1.255000000000000000e+02
1.715000000000000000e+02
1.730000000000000000e+02
1.170000000000000000e+02
1.310000000000000000e+02
1.490000000000000000e+02
1.620000000000000000e+02
1.745000000000000000e+02
1.715000000000000000e+02
1.520000000000000000e+02
1.340000000000000000e+02
9.450000000000000000e+01
6.850000000000000000e+01
7.400000000000000000e+01
1.080000000000000000e+02
1.465000000000000000e+02
1.645000000000000000e+02
1.060000000000000000e+02
1.105000000000000000e+02
1.120000000000000000e+02
1.500000000000000000e+02
1.165000000000000000e+02
1.120000000000000000e+02
1.690000000000000000e+02
1.225000000000000000e+02
7.300000000000000000e+01
1.230000000000000000e+02
8.400000000000000000e+01
7.250000000000000000e+01
1.070000000000000000e+02
6.650000000000000000e+01
1.065000000000000000e+02
1.095000000000000000e+02
9.100000000000000000e+01
1.590000000000000000e+02
1.510000000000000000e+02
1.390000000000000000e+02
1.625000000000000000e+02
1.370000000000000000e+02
1.270000000000000000e+02
1.250000000000000000e+02
1.135000000000000000e+02
9.150000000000000000e+01
6.450000000000000000e+01
7.850000000000000000e+01
7.350000000000000000e+01
7.650000000000000000e+01
6.700000000000000000e+01
8.600000000000000000e+01
1.410000000000000000e+02
9.350000000000000000e+01
1.455000000000000000e+02
8.050000000000000000e+01
9.550000000000000000e+01
1.190000000000000000e+02
1.340000000000000000e+02
1.325000000000000000e+02
5.400000000000000000e+01
1.105000000000000000e+02
3.750000000000000000e+01
5.500000000000000000e+01
5.750000000000000000e+01
8.650000000000000000e+01
1.455000000000000000e+02
3.400000000000000000e+01
7.650000000000000000e+01
3.750000000000000000e+01
6.200000000000000000e+01
5.500000000000000000e+01
8.600000000000000000e+01
7.950000000000000000e+01
1.100000000000000000e+02
1.125000000000000000e+02
1.290000000000000000e+02
5.150000000000000000e+01
9.700000000000000000e+01
3.700000000000000000e+01
8.000000000000000000e+01
2.350000000000000000e+01
4.850000000000000000e+01
3.900000000000000000e+01
3.900000000000000000e+01
1.235000000000000000e+02
5.650000000000000000e+01
6.500000000000000000e+01
6.350000000000000000e+01
9.100000000000000000e+01
7.600000000000000000e+01
5.100000000000000000e+01
1.265000000000000000e+02
1.090000000000000000e+02
1.115000000000000000e+02
2.300000000000000000e+01
8.300000000000000000e+01
5.450000000000000000e+01
3.550000000000000000e+01
2.850000000000000000e+01
3.550000000000000000e+01
1.150000000000000000e+01
2.850000000000000000e+01
3.550000000000000000e+01
1.700000000000000000e+01
5.350000000000000000e+01
1.035000000000000000e+02
3.500000000000000000e+01
8.650000000000000000e+01
5.000000000000000000e+01
5.750000000000000000e+01
5.100000000000000000e+01
1.470000000000000000e+02
1.175000000000000000e+02
3.300000000000000000e+01
1.850000000000000000e+01
4.000000000000000000e+00
9.000000000000000000e+00
3.050000000000000000e+01
2.700000000000000000e+01
1.300000000000000000e+01
5.100000000000000000e+01
1.250000000000000000e+01
2.950000000000000000e+01
3.250000000000000000e+01
3.500000000000000000e+01
8.450000000000000000e+01
9.900000000000000000e+01
4.650000000000000000e+01
6.450000000000000000e+01
2.400000000000000000e+01
7.100000000000000000e+01
4.950000000000000000e+01
1.750000000000000000e+01
6.500000000000000000e+00
4.000000000000000000e+00
1.700000000000000000e+01
1.350000000000000000e+01
1.200000000000000000e+01
9.000000000000000000e+00
1.000000000000000000e+01
6.000000000000000000e+00
7.800000000000000000e+01
5.500000000000000000e+00
3.450000000000000000e+01
3.150000000000000000e+01
1.900000000000000000e+01
6.650000000000000000e+01
3.250000000000000000e+01
7.750000000000000000e+01
6.450000000000000000e+01
3.250000000000000000e+01
6.850000000000000000e+01
