171.5
136.0
166.0
127.0
142.0
149.0
152.0
156.5
176.5
159.0
152.5
175.5
182.0
147.5
136.0
118.5
133.0
146.0
135.5
132.5
161.0
143.5
172.5
148.0
171.0
172.5
180.0
123.0
147.0
101.0
130.0
93.5
162.0
125.5
171.5
173.0
117.0
131.0
149.0
162.0
174.5
171.5
152.0
134.0
94.5
68.5
74.0
108.0
146.5
164.5
106.0
110.5
112.0
150.0
116.5
112.0
169.0
122.5
73.0
123.0
84.0
72.5
107.0
66.5
106.5
109.5
91.0
159.0
151.0
139.0
162.5
137.0
127.0
125.0
113.5
91.5
64.5
78.5
73.5
76.5
67.0
86.0
141.0
93.5
145.5
80.5
95.5
119.0
134.0
132.5
54.0
110.5
37.5
55.0
57.5
86.5
145.5
34.0
76.5
37.5
62.0
55.0
86.0
79.5
110.0
112.5
129.0
51.5
97.0
37.0
80.0
23.5
48.5
39.0
39.0
123.5
56.5
65.0
63.5
91.0
76.0
51.0
126.5
109.0
111.5
23.0
83.0
54.5
35.5
28.5
35.5
11.5
28.5
35.5
17.0
53.5
103.5
35.0
86.5
50.0
57.5
51.0
147.0
117.5
33.0
18.5
4.0
9.0
30.5
27.0
13.0
51.0
12.5
29.5
32.5
35.0
84.5
99.0
46.5
64.5
24.0
71.0
49.5
17.5
6.5
4.0
17.0
13.5
12.0
9.0
10.0
6.0
78.0
5.5
34.5
31.5
19.0
66.5
32.5
77.5
64.5
32.5
68.5
