175.0
159.0
166.0
126.0
130.0
147.0
160.0
167.0
180.0
169.0
160.0
170.0
182.0
133.0
117.0
108.0
116.0
157.0
157.0
129.0
167.0
147.0
178.0
167.0
179.0
178.0
181.0
129.0
159.0
108.0
131.0
105.0
170.0
147.0
167.0
165.0
133.0
147.0
160.0
174.0
158.0
176.0
160.0
146.0
92.0
71.0
93.0
134.0
160.0
174.0
110.0
132.0
115.0
160.0
147.0
134.0
165.0
134.0
64.0
147.0
90.0
63.0
110.0
93.0
147.0
134.0
71.0
174.0
146.0
134.0
174.0
159.0
134.0
134.0
134.0
109.0
65.0
106.0
98.0
64.0
91.0
71.0
146.0
110.0
134.0
134.0
147.0
134.0
106.0
147.0
46.0
134.0
35.0
64.0
65.0
117.0
134.0
14.0
98.0
35.0
35.0
101.0
134.0
94.0
128.0
128.0
147.0
45.0
46.0
59.0
65.0
35.0
61.0
32.0
35.0
118.0
46.0
89.0
35.0
129.0
71.0
71.0
134.0
130.0
134.0
46.0
97.0
45.0
63.0
35.0
63.0
8.0
46.0
70.0
14.0
71.0
116.0
110.0
106.0
35.0
65.0
62.0
156.0
118.0
35.0
14.0
8.0
2.0
45.0
14.0
14.0
64.0
8.0
105.0
35.0
88.0
102.0
116.0
65.0
94.0
8.0
107.0
46.0
35.0
8.0
24.0
2.0
30.0
64.0
14.0
8.0
0.0
91.0
23.0
65.0
20.0
35.0
71.0
22.0
97.0
62.0
33.0
65.0
