1029.0
961.0
613.5
1203.5
1277.5
895.0
1092.0
1076.0
810.0
1281.0
1285.5
1276.5
1203.5
912.0
1179.0
1270.5
1041.5
998.5
771.5
434.5
626.0
434.5
1092.5
749.5
820.5
1320.5
1195.0
761.5
860.0
875.0
973.5
596.0
1326.5
943.5
463.5
798.5
1068.5
1161.5
974.5
1116.5
1237.0
1067.5
1281.5
426.5
696.5
1218.0
1081.0
905.0
652.5
1260.5
1233.5
1061.0
997.0
1267.5
1021.0
937.5
1195.5
1203.5
1261.0
1015.5
902.5
1239.0
1075.5
1161.5
1232.0
1267.5
580.5
1318.0
1273.5
1033.0
1183.5
885.5
1309.5
895.5
802.0
1268.5
1188.0
1226.5
585.5
442.5
1048.5
901.0
648.5
1297.0
1106.0
974.0
1187.5
1242.5
1171.0
1210.5
1066.0
1043.0
1143.0
1255.5
1292.5
869.5
1247.0
656.0
748.0
675.5
961.0
1183.5
864.5
653.5
707.0
1321.5
1003.0
1292.0
1249.5
1130.5
1175.5
1286.0
1012.5
1294.0
1218.0
723.0
1261.5
619.5
883.0
985.5
959.0
900.5
492.0
856.5
1166.0
463.5
1238.0
678.5
995.0
972.5
716.5
628.5
1072.5
1129.5
882.0
1108.5
701.5
1131.5
652.5
1046.0
1210.0
972.0
999.0
1297.0
1113.5
915.0
790.5
1038.0
411.0
1065.0
892.0
931.0
1049.0
1218.5
1118.0
1279.0
823.5
1292.5
1044.0
1250.5
1053.5
351.5
1009.0
1036.5
951.0
1267.0
509.0
686.0
1035.5
955.0
1067.5
1082.0
1307.0
956.5
427.5
1044.5
1108.5
1025.5
1244.5
451.5
1186.5
1321.0
660.0
1220.0
873.5
786.5
892.5
1192.0
1118.0
920.5
956.0
541.5
875.5
749.0
475.5
869.5
655.5
522.0
1207.0
1010.5
823.5
1019.5
1231.0
1294.5
822.0
954.0
1297.0
1242.0
1193.5
832.0
1252.0
621.5
978.5
940.5
1018.5
1236.0
700.5
811.0
935.5
951.0
741.0
537.5
922.0
1046.5
794.0
756.0
1301.0
1028.5
843.5
1062.0
1237.0
993.0
301.5
1126.5
1137.5
990.5
1138.5
954.5
739.0
360.5
673.0
1034.0
842.0
460.5
1271.0
1002.0
1104.5
943.5
456.5
1018.0
998.0
884.0
1267.5
1275.5
1117.0
1205.0
737.0
1144.5
926.5
717.0
570.0
763.0
980.0
1288.5
509.0
516.5
619.0
1067.0
1152.0
1153.5
1141.5
1309.5
1281.0
560.0
639.0
1163.0
1179.0
229.0
1281.0
1177.5
830.0
1122.0
1267.0
294.0
1245.5
732.5
209.5
609.0
910.5
1216.5
1001.0
1253.5
1147.0
1246.0
773.0
640.5
193.0
790.0
1197.5
751.0
951.5
519.0
761.5
779.5
1273.5
344.5
1190.0
1194.5
939.0
1112.5
985.5
1185.0
966.0
819.5
1226.0
492.0
982.0
883.0
447.5
1030.0
1293.5
104.0
648.0
774.5
686.5
820.5
1086.0
689.0
764.5
988.0
864.0
711.5
476.0
1059.5
876.5
819.5
838.0
195.0
1042.0
669.5
495.0
785.0
576.0
672.0
872.5
635.5
1080.0
313.0
630.5
1059.0
623.5
1034.5
923.0
526.5
1203.0
1097.0
1097.5
1031.0
1170.0
1037.5
1018.0
1167.5
1158.0
596.5
734.5
979.0
1029.5
857.0
1050.5
624.5
1137.5
1113.5
596.0
1058.0
1098.5
776.0
859.0
1009.0
549.0
670.0
409.0
1298.0
1249.5
272.5
1240.5
323.5
478.5
690.0
921.0
1192.0
507.5
1083.5
1223.0
1056.0
1049.5
693.0
682.0
478.5
433.0
1111.5
951.5
967.0
911.5
717.5
510.0
634.5
1207.0
939.5
1224.0
487.0
690.0
851.5
826.5
503.0
1005.0
1316.0
383.5
1215.0
1294.5
537.5
162.0
1125.5
754.5
403.5
684.5
804.5
370.5
603.5
414.0
371.0
541.5
242.5
349.0
243.0
563.0
1045.0
1128.0
546.0
1084.0
1130.5
888.5
569.0
950.0
862.0
653.0
364.0
818.0
615.0
947.0
361.0
1109.0
385.0
1077.0
614.0
249.5
887.0
560.0
1170.0
834.5
1029.0
682.5
1182.0
999.5
871.5
1023.0
1268.0
317.0
588.0
1050.5
578.0
819.5
895.0
905.0
1219.5
863.5
1005.0
596.0
979.0
195.0
1142.5
1184.0
614.5
1280.0
476.5
1211.0
222.5
701.0
1042.0
1258.5
858.5
537.0
745.0
831.5
607.5
878.5
1073.0
955.5
652.5
894.0
511.0
391.0
1011.0
261.0
817.5
515.0
415.0
713.5
745.0
881.0
1230.5
333.0
425.0
771.0
495.0
682.5
990.0
516.5
609.5
509.5
931.0
500.5
352.5
526.5
937.5
663.5
635.0
744.0
480.5
361.5
581.0
984.0
720.0
1064.0
291.5
181.0
985.0
809.0
780.0
547.5
860.0
1013.0
881.0
820.5
984.0
819.5
678.0
1115.5
1250.0
1137.5
847.0
497.0
386.0
865.5
1316.5
1030.5
888.5
559.0
785.5
455.0
1201.5
599.0
1251.0
1212.0
177.0
1153.5
943.0
404.0
950.0
128.5
991.5
735.5
770.5
1184.5
400.0
262.0
560.5
372.5
204.5
1187.5
1034.5
900.5
434.0
46.0
555.0
600.0
574.5
790.5
451.0
467.5
1216.5
1302.5
620.5
633.5
1012.5
601.0
1114.0
865.5
926.0
824.5
228.0
803.0
542.0
859.5
758.5
822.5
512.5
544.5
241.5
315.0
479.5
1137.5
1219.5
496.0
642.0
1131.0
221.0
1056.0
1155.0
533.0
808.0
82.5
700.5
455.0
371.0
938.0
365.0
375.0
501.0
720.5
651.5
474.0
636.5
953.5
324.5
208.5
966.0
594.0
417.0
212.0
448.0
597.5
297.5
1149.0
731.5
256.0
811.5
1218.0
356.5
737.5
661.0
285.0
573.5
909.0
363.5
137.0
643.0
502.0
927.5
1208.0
411.5
787.5
826.0
439.5
1090.5
86.0
186.0
711.0
150.0
374.5
837.5
500.5
782.5
259.0
590.0
859.5
287.5
547.5
838.5
747.5
767.5
813.0
582.5
661.0
54.5
836.5
595.5
735.0
1046.5
765.5
819.0
517.0
373.5
668.0
155.5
753.5
1086.5
688.5
778.5
1272.5
192.0
543.0
159.0
582.0
638.5
279.5
371.5
587.0
896.0
874.0
972.0
328.5
157.0
1095.5
1057.0
749.0
890.5
816.0
429.0
1058.5
351.0
536.0
869.5
194.0
242.0
414.5
711.0
169.5
673.0
214.0
1002.5
650.0
620.0
524.0
710.0
782.5
855.0
904.0
1296.5
587.5
403.5
98.5
609.0
548.5
1035.0
842.5
1203.5
930.5
442.0
608.0
531.5
336.5
918.0
1021.0
1142.0
883.0
131.5
1236.5
841.0
95.5
652.0
640.5
257.5
1173.5
594.0
561.0
197.0
729.5
162.0
856.5
565.5
1078.0
799.5
1078.5
577.5
63.0
466.0
171.0
462.5
1080.0
556.0
660.5
29.5
300.0
317.0
628.5
575.0
1103.0
609.5
903.0
395.0
850.5
468.5
1129.5
307.0
762.5
500.5
476.5
275.0
1071.0
913.0
1133.0
1316.5
56.0
481.5
292.5
532.0
1107.5
487.5
546.5
1235.5
108.0
581.0
1056.0
666.0
1110.0
782.0
332.0
57.0
611.5
1049.5
125.0
439.5
184.5
156.0
326.5
225.5
758.0
308.0
339.0
384.0
662.5
561.0
1137.5
753.0
506.0
720.0
736.5
498.5
376.0
521.0
819.5
258.5
401.0
335.0
60.0
333.5
442.5
254.0
841.0
389.5
968.0
546.0
1037.5
848.0
1070.0
179.0
147.0
256.0
609.5
174.5
21.0
818.0
912.0
382.0
321.5
310.0
133.5
839.5
403.0
510.5
239.0
434.5
287.5
109.5
416.5
774.5
528.5
1040.5
1258.5
456.0
1041.0
1133.0
1227.0
179.5
1106.0
1112.5
698.5
209.0
1120.5
37.5
313.0
1148.5
203.5
820.5
605.5
742.5
625.5
158.5
459.0
530.5
1032.0
261.0
818.0
668.5
749.5
969.0
1066.0
385.5
142.0
785.0
523.0
943.0
293.5
494.0
9.0
402.5
721.0
389.0
540.5
431.5
176.0
314.5
513.5
193.0
393.5
786.5
494.5
105.5
597.5
548.5
469.5
392.5
530.0
270.5
184.0
459.5
116.5
829.0
1183.0
450.0
641.0
757.5
573.0
487.5
433.5
734.0
460.5
777.0
152.0
305.5
630.0
391.0
872.5
989.0
516.0
421.0
147.0
315.0
1044.5
673.5
284.5
880.5
547.0
211.0
275.5
276.0
981.5
24.0
500.5
551.0
27.0
698.0
408.0
984.5
323.0
176.0
708.5
794.5
164.5
371.5
615.0
990.0
120.0
641.5
279.5
825.0
290.0
39.0
117.0
60.0
463.5
243.5
417.0
367.5
655.5
694.5
249.5
131.5
189.0
248.5
374.5
83.0
149.5
676.0
125.5
566.0
61.5
85.5
372.0
562.5
391.0
506.5
190.0
91.0
815.5
788.0
939.0
228.5
53.5
840.5
19.0
728.0
204.5
452.5
589.5
24.5
217.5
889.5
68.0
351.0
300.5
707.5
404.5
536.0
801.5
514.5
600.0
497.5
490.0
439.0
218.0
419.0
452.0
368.0
814.5
503.0
564.0
524.0
676.5
279.0
387.0
530.0
413.5
1047.0
954.5
513.0
159.0
604.0
628.0
16.5
70.0
231.5
338.0
112.0
748.5
289.5
50.5
117.0
374.5
567.5
439.0
235.5
500.5
810.0
53.0
894.5
338.0
236.0
872.0
218.0
52.5
73.5
127.0
966.5
581.5
641.0
206.0
458.0
847.5
255.5
404.0
627.5
747.0
703.0
265.5
682.5
354.5
193.5
845.0
529.0
85.0
677.0
194.0
842.0
1179.5
156.5
673.0
283.0
637.5
48.0
345.0
403.5
312.0
613.0
886.0
35.5
322.0
126.5
333.5
216.5
154.0
1051.0
189.0
349.5
77.5
77.0
138.5
613.0
196.5
625.0
252.0
340.0
180.0
278.0
408.0
112.0
386.0
269.0
544.0
734.0
257.5
967.0
429.0
47.5
645.0
774.0
629.5
571.0
807.0
679.0
410.0
157.5
633.5
691.0
919.5
405.0
163.5
670.5
423.0
486.5
464.0
283.5
93.5
307.5
977.5
320.0
502.5
301.0
212.5
645.5
203.0
271.0
17.0
29.5
461.0
482.0
155.0
487.0
56.0
296.0
220.0
481.0
226.5
533.0
228.5
11.5
89.0
173.5
140.0
5.5
518.0
10.0
185.5
294.5
17.5
397.0
91.5
209.5
642.5
640.0
31.5
50.5
111.5
46.5
172.5
207.5
199.5
98.5
815.5
419.5
831.0
199.5
295.0
359.0
605.5
79.5
115.5
87.5
191.0
419.5
891.5
112.5
272.5
905.5
296.0
799.0
1047.5
407.0
147.0
173.5
175.0
229.0
486.0
460.0
380.0
179.0
646.0
51.5
278.0
179.0
160.0
147.0
349.0
212.5
542.0
632.5
902.5
147.5
350.0
560.0
50.5
226.0
99.5
226.0
609.5
81.5
402.0
57.5
315.5
172.5
260.0
186.5
256.5
83.5
466.5
709.0
352.5
376.5
170.0
168.0
674.5
140.0
748.0
112.5
393.5
47.0
822.0
814.0
43.5
504.0
218.0
827.5
94.5
220.0
264.0
615.0
564.5
96.5
58.5
574.0
660.0
485.5
259.5
583.5
299.0
410.0
7.0
441.5
102.0
194.0
332.0
64.0
534.0
418.0
14.0
1186.5
217.5
461.0
72.5
233.5
29.0
65.5
199.5
0.0
572.0
385.0
4.0
54.0
461.0
281.0
553.0
254.0
103.0
146.5
702.5
263.5
675.0
119.0
283.5
