1122.0
1122.0
854.0
1190.0
1190.0
1117.0
1117.0
1122.0
1117.0
1285.0
1285.0
1233.0
1285.0
992.0
1233.0
1190.0
1233.0
1190.0
854.0
321.0
854.0
321.0
992.0
854.0
1122.0
1323.0
1285.0
992.0
992.0
1190.0
1116.0
1122.0
1328.0
1117.0
81.0
992.0
1190.0
1190.0
1122.0
1122.0
1233.0
1122.0
1190.0
81.0
992.0
1233.0
1122.0
992.0
854.0
1307.0
1286.0
1122.0
1122.0
1233.0
992.0
1117.0
1285.0
1233.0
1285.0
1122.0
992.0
1307.0
1190.0
1190.0
1233.0
1285.0
854.0
1319.0
1307.0
1190.0
1122.0
853.0
1323.0
1122.0
992.0
1190.0
1233.0
1189.0
854.0
81.0
992.0
1121.0
155.0
1319.0
1120.0
1122.0
1122.0
1190.0
1285.0
1233.0
1122.0
1122.0
1117.0
1285.0
1315.0
1121.0
1286.0
854.0
848.0
854.0
1119.0
1285.0
1119.0
321.0
854.0
1327.0
1117.0
1315.0
1307.0
1233.0
1122.0
1323.0
1190.0
1285.0
1121.0
992.0
1286.0
854.0
854.0
992.0
1122.0
848.0
155.0
992.0
1286.0
30.0
1307.0
992.0
1122.0
1122.0
992.0
992.0
1307.0
992.0
992.0
1285.0
992.0
1122.0
992.0
1122.0
1233.0
992.0
1190.0
1315.0
1122.0
992.0
1122.0
1122.0
854.0
1119.0
1117.0
1117.0
1189.0
1286.0
1122.0
1307.0
992.0
1307.0
1190.0
1233.0
1121.0
155.0
1117.0
1285.0
854.0
1307.0
854.0
992.0
1121.0
1117.0
1119.0
1122.0
1307.0
1117.0
854.0
1122.0
1122.0
1122.0
1286.0
854.0
1286.0
1319.0
1117.0
1286.0
1122.0
848.0
854.0
1190.0
992.0
992.0
1190.0
321.0
1121.0
992.0
854.0
854.0
603.0
321.0
1285.0
1117.0
854.0
1190.0
1307.0
1307.0
1119.0
1190.0
1315.0
1233.0
1190.0
660.0
1286.0
660.0
1122.0
603.0
992.0
1121.0
854.0
992.0
854.0
992.0
851.0
321.0
851.0
854.0
854.0
854.0
1324.0
1233.0
854.0
1190.0
1307.0
1190.0
155.0
1286.0
1233.0
1190.0
1286.0
992.0
854.0
81.0
992.0
1190.0
847.0
321.0
1286.0
992.0
1122.0
992.0
854.0
1117.0
1190.0
1121.0
1286.0
1286.0
1190.0
1286.0
1117.0
1190.0
992.0
992.0
992.0
992.0
992.0
1307.0
509.0
848.0
992.0
1122.0
1286.0
1233.0
1122.0
1286.0
1307.0
848.0
660.0
1285.0
1190.0
155.0
1315.0
1122.0
992.0
1190.0
1286.0
30.0
1286.0
992.0
81.0
854.0
992.0
1122.0
1122.0
1307.0
1121.0
1190.0
1190.0
854.0
30.0
1122.0
1190.0
992.0
854.0
854.0
992.0
660.0
1233.0
81.0
1286.0
1286.0
854.0
1285.0
854.0
1285.0
660.0
854.0
1233.0
660.0
854.0
1122.0
660.0
1119.0
1315.0
12.0
854.0
992.0
992.0
854.0
1190.0
854.0
853.0
1233.0
660.0
155.0
854.0
1307.0
992.0
1122.0
1190.0
321.0
1233.0
1122.0
321.0
1122.0
848.0
992.0
1233.0
990.0
1121.0
658.0
321.0
1190.0
660.0
1122.0
854.0
321.0
854.0
1190.0
1233.0
1122.0
1233.0
1122.0
1122.0
1286.0
1190.0
854.0
992.0
1190.0
1233.0
849.0
992.0
603.0
1285.0
1190.0
853.0
1233.0
1233.0
854.0
854.0
1233.0
660.0
992.0
155.0
1286.0
1307.0
81.0
1314.0
660.0
854.0
854.0
992.0
1233.0
854.0
1233.0
1285.0
1233.0
992.0
660.0
992.0
321.0
854.0
1190.0
991.0
1190.0
992.0
660.0
660.0
854.0
1190.0
992.0
1286.0
321.0
155.0
854.0
854.0
1122.0
992.0
1319.0
660.0
1233.0
1286.0
848.0
81.0
992.0
992.0
321.0
509.0
851.0
321.0
660.0
509.0
321.0
155.0
81.0
321.0
321.0
321.0
992.0
1286.0
853.0
1190.0
1190.0
854.0
848.0
603.0
992.0
854.0
81.0
992.0
660.0
1122.0
321.0
1190.0
81.0
992.0
845.0
321.0
992.0
851.0
1190.0
992.0
992.0
660.0
1233.0
992.0
853.0
1233.0
1307.0
155.0
854.0
992.0
660.0
854.0
1190.0
992.0
1233.0
992.0
992.0
1122.0
992.0
81.0
1233.0
1286.0
854.0
1233.0
155.0
854.0
509.0
1122.0
852.0
1286.0
853.0
509.0
603.0
992.0
1122.0
1117.0
854.0
1122.0
847.0
992.0
660.0
854.0
854.0
81.0
1117.0
659.0
321.0
660.0
1190.0
848.0
1284.0
81.0
851.0
578.0
551.0
854.0
854.0
853.0
660.0
321.0
1122.0
660.0
850.0
321.0
854.0
851.0
851.0
1117.0
321.0
155.0
851.0
1122.0
509.0
1189.0
155.0
321.0
1190.0
1190.0
660.0
81.0
660.0
1190.0
1122.0
660.0
853.0
854.0
992.0
992.0
1307.0
1190.0
1122.0
847.0
81.0
991.0
1327.0
1286.0
1190.0
854.0
660.0
660.0
1233.0
854.0
1307.0
1190.0
81.0
660.0
992.0
321.0
1122.0
81.0
992.0
992.0
847.0
1122.0
321.0
509.0
81.0
321.0
321.0
1286.0
1122.0
854.0
155.0
30.0
992.0
848.0
992.0
1122.0
551.0
992.0
991.0
1327.0
846.0
992.0
991.0
660.0
1190.0
660.0
1190.0
854.0
848.0
509.0
660.0
854.0
853.0
850.0
848.0
321.0
509.0
847.0
848.0
1122.0
1233.0
848.0
853.0
1233.0
155.0
992.0
992.0
854.0
851.0
30.0
851.0
509.0
660.0
854.0
509.0
155.0
509.0
854.0
854.0
660.0
660.0
854.0
321.0
321.0
1119.0
657.0
660.0
321.0
321.0
992.0
155.0
992.0
992.0
155.0
992.0
1122.0
509.0
992.0
321.0
81.0
854.0
1122.0
854.0
155.0
507.0
81.0
850.0
1122.0
155.0
992.0
992.0
509.0
1122.0
81.0
660.0
578.0
321.0
854.0
1122.0
603.0
853.0
81.0
843.0
1190.0
321.0
854.0
660.0
854.0
854.0
660.0
658.0
854.0
30.0
847.0
851.0
321.0
1190.0
992.0
990.0
551.0
580.0
1122.0
509.0
988.0
1190.0
854.0
660.0
1286.0
81.0
660.0
155.0
660.0
602.0
155.0
660.0
660.0
1122.0
854.0
1122.0
321.0
509.0
1284.0
854.0
992.0
1122.0
991.0
321.0
1122.0
660.0
155.0
853.0
321.0
321.0
659.0
851.0
321.0
603.0
155.0
854.0
854.0
851.0
660.0
849.0
660.0
850.0
992.0
1286.0
603.0
509.0
155.0
854.0
660.0
1122.0
854.0
854.0
1122.0
660.0
603.0
991.0
509.0
854.0
992.0
1233.0
854.0
321.0
1190.0
660.0
147.0
992.0
660.0
600.0
992.0
854.0
660.0
155.0
854.0
660.0
854.0
992.0
1233.0
854.0
854.0
850.0
30.0
660.0
506.0
321.0
854.0
509.0
854.0
12.0
321.0
321.0
509.0
321.0
992.0
848.0
1122.0
321.0
992.0
551.0
991.0
321.0
992.0
580.0
574.0
509.0
1190.0
992.0
991.0
1315.0
155.0
321.0
509.0
660.0
1122.0
579.0
660.0
1233.0
155.0
578.0
990.0
854.0
1190.0
660.0
509.0
77.0
659.0
1122.0
507.0
660.0
155.0
509.0
509.0
551.0
657.0
506.0
321.0
321.0
660.0
509.0
851.0
846.0
509.0
657.0
992.0
321.0
603.0
321.0
854.0
854.0
155.0
155.0
321.0
602.0
509.0
30.0
574.0
659.0
1190.0
155.0
992.0
854.0
1122.0
321.0
155.0
321.0
509.0
509.0
155.0
603.0
1190.0
509.0
505.0
841.0
81.0
603.0
509.0
660.0
321.0
660.0
321.0
155.0
851.0
854.0
660.0
1122.0
1323.0
660.0
853.0
1122.0
1118.0
321.0
854.0
991.0
603.0
321.0
992.0
30.0
320.0
992.0
509.0
854.0
992.0
851.0
854.0
507.0
846.0
660.0
1122.0
321.0
854.0
853.0
1122.0
848.0
854.0
509.0
506.0
580.0
854.0
853.0
155.0
603.0
6.0
551.0
660.0
321.0
603.0
509.0
509.0
551.0
509.0
81.0
600.0
849.0
846.0
321.0
660.0
580.0
509.0
509.0
848.0
509.0
155.0
851.0
321.0
992.0
1122.0
851.0
660.0
854.0
660.0
660.0
321.0
660.0
853.0
854.0
155.0
155.0
509.0
321.0
660.0
854.0
847.0
321.0
155.0
509.0
992.0
603.0
495.0
854.0
854.0
660.0
321.0
660.0
992.0
81.0
850.0
854.0
81.0
854.0
854.0
1122.0
155.0
81.0
992.0
659.0
155.0
509.0
551.0
854.0
478.0
854.0
155.0
992.0
506.0
6.0
509.0
81.0
321.0
509.0
659.0
601.0
660.0
992.0
155.0
81.0
155.0
155.0
660.0
81.0
321.0
854.0
321.0
854.0
81.0
30.0
551.0
854.0
488.0
854.0
495.0
30.0
847.0
1122.0
551.0
509.0
321.0
992.0
30.0
603.0
155.0
509.0
992.0
153.0
580.0
846.0
319.0
509.0
321.0
603.0
509.0
846.0
603.0
846.0
851.0
509.0
509.0
660.0
155.0
508.0
660.0
846.0
846.0
846.0
846.0
660.0
660.0
509.0
509.0
846.0
660.0
854.0
1122.0
602.0
81.0
850.0
992.0
148.0
81.0
497.0
551.0
321.0
573.0
509.0
81.0
321.0
551.0
579.0
155.0
551.0
841.0
854.0
30.0
852.0
846.0
155.0
854.0
509.0
81.0
320.0
505.0
1122.0
660.0
580.0
321.0
656.0
660.0
321.0
853.0
992.0
854.0
580.0
509.0
660.0
660.0
321.0
992.0
660.0
506.0
992.0
320.0
580.0
854.0
81.0
660.0
543.0
851.0
30.0
603.0
660.0
660.0
854.0
853.0
75.0
545.0
321.0
509.0
579.0
155.0
854.0
508.0
854.0
155.0
155.0
509.0
846.0
321.0
580.0
509.0
509.0
509.0
321.0
509.0
81.0
660.0
551.0
603.0
660.0
321.0
851.0
321.0
30.0
580.0
603.0
850.0
603.0
660.0
603.0
551.0
321.0
660.0
603.0
846.0
854.0
506.0
509.0
602.0
660.0
509.0
155.0
321.0
321.0
1122.0
509.0
854.0
658.0
321.0
846.0
321.0
509.0
7.0
30.0
509.0
599.0
509.0
660.0
321.0
509.0
509.0
660.0
321.0
660.0
155.0
12.0
321.0
155.0
494.0
2.0
660.0
3.0
477.0
509.0
81.0
657.0
155.0
509.0
660.0
509.0
155.0
155.0
321.0
12.0
498.0
580.0
321.0
321.0
603.0
660.0
854.0
497.0
321.0
849.0
659.0
12.0
81.0
321.0
155.0
602.0
660.0
317.0
321.0
603.0
660.0
658.0
854.0
603.0
457.0
551.0
506.0
509.0
574.0
551.0
601.0
506.0
600.0
317.0
509.0
506.0
155.0
321.0
578.0
508.0
509.0
509.0
551.0
506.0
572.0
580.0
81.0
155.0
151.0
509.0
660.0
321.0
551.0
154.0
509.0
659.0
81.0
489.0
509.0
317.0
992.0
660.0
660.0
509.0
321.0
154.0
992.0
505.0
992.0
321.0
506.0
76.0
850.0
577.0
81.0
992.0
509.0
849.0
486.0
81.0
991.0
603.0
853.0
321.0
309.0
847.0
992.0
569.0
854.0
509.0
155.0
509.0
4.0
659.0
155.0
507.0
603.0
321.0
580.0
602.0
28.0
1120.0
321.0
509.0
78.0
509.0
28.0
155.0
321.0
0.0
579.0
321.0
2.0
291.0
508.0
320.0
603.0
496.0
321.0
81.0
659.0
580.0
603.0
81.0
506.0
