1065.5
1071.5
1240.0
1320.0
1326.5
1110.5
1294.0
1304.0
1308.5
1328.0
1077.0
1339.5
1290.0
1283.0
1278.5
1276.0
1335.0
953.0
1173.5
1175.5
1031.5
1183.0
1205.5
1302.5
1317.0
1317.0
1139.0
1291.5
1266.5
1303.5
1325.0
1293.5
1022.0
1277.5
1297.5
1259.5
1286.0
1350.5
1299.5
1212.0
959.0
1039.5
1276.0
1317.0
1167.5
1283.0
1244.5
1050.5
1243.0
1095.0
1132.0
1263.0
1210.5
1095.0
938.5
1138.5
1263.5
1192.5
1324.5
966.0
1319.0
1056.5
869.5
1262.0
1075.5
1259.5
1216.0
1178.0
1047.0
1257.5
1198.0
1110.5
1233.0
841.5
1180.5
1053.5
1243.0
1198.5
1128.0
844.5
1194.5
1221.0
944.0
1006.0
1111.5
1089.0
1291.5
1150.5
1172.0
1167.5
834.0
1032.5
1283.0
1151.0
1352.5
1200.5
1041.0
1237.0
949.5
1065.5
973.0
1257.0
908.5
1042.5
1078.5
704.0
1247.5
1347.5
1119.0
1093.5
949.5
1189.5
1237.5
1341.0
1166.0
899.0
1304.0
1252.5
1057.5
1267.5
1091.5
1096.5
1349.0
995.0
1251.5
1183.0
1158.5
1300.5
1256.5
1172.0
1280.0
1284.5
1299.5
1175.0
1164.0
1263.0
1192.5
1067.0
836.0
1080.0
1262.5
1301.0
1287.0
1256.5
1197.0
1135.5
1067.0
989.0
1070.5
829.5
924.0
1170.5
822.5
1122.0
903.0
775.0
1148.5
934.5
891.5
625.0
1180.0
992.0
840.5
1106.0
1032.5
1224.0
1279.5
1104.0
840.0
1113.5
1014.0
1155.0
1193.5
920.0
1155.0
1025.5
777.5
1294.5
1206.5
1289.0
1242.0
949.0
1211.0
1164.0
1256.0
912.0
987.0
1075.0
1057.5
935.5
734.0
1287.0
1291.0
1098.5
869.5
1036.5
1315.0
1210.5
997.0
1139.5
1160.0
1296.5
961.0
908.0
760.5
1207.0
988.5
1321.5
917.5
913.5
803.0
1268.0
1103.0
1024.5
1297.0
1083.5
857.5
879.5
940.0
1202.5
654.5
697.5
1003.5
631.5
1056.0
876.0
655.5
1180.5
1032.0
1084.0
735.0
984.0
847.5
1027.0
1205.0
721.0
1269.5
869.0
1294.0
1195.5
1051.0
979.5
1061.5
1050.5
803.5
889.5
1040.0
1113.0
755.5
900.5
627.5
793.5
1216.5
770.0
595.0
871.5
1113.0
1126.5
1256.5
1035.5
1260.0
477.0
1249.5
981.5
539.0
677.0
832.0
1229.0
1063.0
1132.0
1162.0
1176.5
697.5
1212.0
1228.5
1004.5
854.5
671.0
755.0
1330.0
1251.0
1124.0
1059.5
1291.5
715.0
557.5
682.5
863.0
680.5
863.5
1106.0
821.0
1200.0
1147.0
1184.0
860.5
469.5
832.0
1193.5
906.5
1133.5
1170.0
492.0
1039.0
923.0
884.0
583.0
705.0
927.0
1025.5
571.0
668.0
827.5
1138.5
769.5
724.5
689.0
943.0
1083.5
802.5
1182.0
1160.0
931.0
779.5
682.5
1088.0
901.0
1317.5
926.5
1252.5
633.5
419.5
1140.0
1202.5
854.0
929.5
965.0
676.5
1145.0
543.5
1230.0
821.5
504.0
1206.0
597.5
670.0
729.5
1021.5
949.0
1158.0
1150.0
1138.5
806.5
763.5
498.5
1145.0
677.5
1274.0
710.5
936.0
1087.5
939.5
837.0
757.0
920.0
796.5
1317.0
563.5
1178.0
604.0
723.5
721.0
965.0
696.0
958.5
611.5
1077.0
1220.5
945.5
1021.0
861.0
671.5
590.5
1282.0
847.5
709.5
1126.0
1011.0
895.5
693.0
1179.0
1010.5
1116.5
750.5
532.5
915.0
745.0
852.0
802.0
789.5
815.5
787.0
1137.0
906.5
1220.5
603.0
830.5
1084.5
405.5
729.5
667.0
740.0
1034.0
610.0
555.5
336.0
660.5
768.0
944.5
967.5
583.0
801.0
1013.0
559.0
1038.5
1114.0
877.5
1258.0
1032.0
833.5
636.5
1088.0
523.0
612.5
706.5
847.5
873.5
837.0
818.5
1285.0
769.5
805.0
1235.5
682.5
717.0
782.0
555.0
988.0
1044.5
1036.0
610.0
358.0
1004.0
732.0
607.5
1000.5
595.5
1126.0
917.0
667.5
519.0
682.0
863.5
1321.0
1184.0
963.0
612.0
1023.5
547.5
336.0
916.0
897.0
916.5
403.5
282.5
757.5
697.5
709.5
1021.0
734.5
973.5
943.5
501.0
395.5
1128.0
615.0
713.0
576.0
736.0
734.5
395.5
1126.0
580.0
1174.0
1078.0
557.0
629.0
977.5
894.5
278.0
761.0
410.0
852.0
542.0
477.5
604.5
799.0
756.5
749.0
718.0
853.0
864.5
908.0
1179.0
753.0
1043.0
141.0
577.5
756.5
564.5
1023.5
536.0
969.5
1136.5
541.0
1150.0
849.5
967.0
298.5
662.5
1113.5
975.5
299.0
987.0
1218.5
236.5
634.5
1013.0
1010.5
1171.0
607.0
451.0
495.5
819.0
900.0
1236.5
864.5
851.0
547.0
1073.0
734.5
632.0
155.5
953.5
809.0
727.5
625.0
741.5
876.0
1118.0
531.5
405.5
889.5
1165.0
609.0
776.0
582.0
930.0
1070.0
546.0
939.0
391.5
754.5
668.0
255.0
962.0
737.0
479.5
756.5
587.0
782.0
520.0
620.0
408.5
901.5
856.0
995.5
321.0
303.0
288.5
658.5
760.0
580.5
922.0
771.5
147.5
646.5
354.5
193.0
721.5
611.0
969.0
464.0
616.5
145.5
610.5
901.5
1214.5
788.5
1011.0
1009.0
1172.0
613.0
1343.5
658.0
1013.5
475.0
946.5
967.0
378.5
881.5
658.0
1160.0
977.5
1169.5
673.0
918.0
671.0
615.0
544.0
1110.5
1175.0
623.0
276.5
907.5
279.5
795.0
582.5
620.5
1210.5
509.5
343.0
1031.5
339.5
1200.0
767.5
193.0
1024.5
892.5
603.0
924.5
1041.5
654.0
900.0
363.5
670.0
418.0
878.5
294.5
368.0
874.5
1141.0
679.5
486.5
749.5
627.5
176.0
263.5
126.0
233.5
796.5
1164.5
1156.0
330.0
580.0
1265.0
197.0
361.5
360.0
1185.0
446.0
900.0
1150.5
374.5
759.5
1089.5
718.5
866.5
706.0
577.5
641.5
737.0
828.0
895.0
1110.0
713.5
1022.0
561.0
441.5
502.5
259.0
742.5
636.5
713.5
343.0
348.0
530.0
947.5
697.5
516.0
421.0
288.0
723.0
1048.0
213.5
1148.5
783.0
828.5
836.5
300.0
486.0
997.5
725.5
276.0
1155.5
464.5
387.0
429.5
450.0
534.5
1250.0
483.5
171.0
393.0
386.5
643.5
318.5
938.5
887.5
968.0
730.0
501.5
692.0
473.5
1037.0
786.5
749.5
416.0
157.5
542.0
809.0
505.0
1090.5
548.5
496.0
151.0
684.0
691.5
197.0
622.0
644.0
224.0
923.0
898.0
563.0
209.5
473.5
800.5
145.0
758.5
265.5
761.5
1146.0
975.0
521.5
691.0
418.0
479.0
704.5
840.5
1183.0
662.5
984.0
852.0
614.5
644.5
490.5
957.0
467.5
605.5
563.5
430.0
476.0
619.5
780.0
477.5
273.5
723.5
313.5
970.0
757.0
501.0
777.5
1219.0
307.0
813.5
326.5
250.5
445.0
265.5
385.5
498.0
440.5
948.0
497.5
751.5
379.5
438.0
932.5
360.0
311.5
947.0
978.5
856.0
109.5
393.0
576.5
553.5
734.5
786.0
645.0
415.5
400.5
64.5
272.0
193.5
232.5
327.5
428.0
372.0
193.5
1024.0
728.5
347.5
311.0
347.5
299.0
206.0
379.0
380.5
906.5
185.0
915.5
1009.0
915.0
609.5
429.5
509.0
597.5
612.0
34.0
497.0
1020.5
855.5
380.5
826.5
184.5
328.5
895.5
640.0
438.0
699.0
491.5
533.5
93.0
458.0
195.5
301.5
642.0
326.0
458.5
289.0
532.0
141.0
517.5
676.0
663.5
405.5
456.5
361.0
405.0
767.5
769.5
252.0
174.0
523.5
326.0
495.0
313.5
366.0
199.5
416.5
921.5
274.5
536.0
764.5
346.0
790.5
164.0
910.5
307.0
428.5
1024.5
190.5
804.5
277.0
517.0
216.0
615.0
551.0
624.5
350.0
1046.5
470.5
504.0
44.5
361.0
433.0
966.5
191.0
599.0
323.0
440.5
982.5
939.5
599.5
582.0
1269.5
385.5
629.0
306.5
517.0
816.0
231.5
319.0
453.0
216.0
396.5
621.5
612.5
65.5
217.0
512.0
336.5
638.0
575.5
655.0
1217.0
398.5
376.0
454.5
576.0
477.0
451.5
968.5
337.5
565.0
230.0
252.0
862.5
847.5
451.0
237.5
108.5
194.0
133.5
877.0
165.0
666.0
659.0
989.5
664.5
812.5
1113.5
315.5
589.5
513.0
452.0
379.0
521.5
495.0
304.5
63.0
488.0
443.0
652.0
384.5
608.0
632.0
172.0
655.5
126.0
264.0
1041.5
360.0
263.5
366.5
74.0
720.0
435.0
281.0
857.0
850.0
464.0
181.5
1070.0
510.0
529.0
1026.5
401.0
389.0
341.0
736.0
482.0
602.5
154.0
116.5
489.5
110.0
188.5
540.0
585.5
210.5
192.5
501.5
320.0
150.5
627.0
243.0
700.0
317.5
109.5
518.5
603.5
208.0
296.5
489.0
253.5
48.5
721.5
109.0
352.0
532.5
694.0
101.0
250.5
956.0
1125.0
304.5
276.5
42.5
376.5
1037.5
376.0
32.5
508.0
40.5
256.5
106.0
363.0
212.5
479.5
513.5
458.5
783.5
208.0
543.5
574.5
361.0
546.0
223.0
91.0
908.0
171.0
371.0
360.0
111.0
489.5
478.5
286.5
190.5
445.0
519.5
22.0
760.0
164.0
137.5
534.5
358.0
303.0
271.5
297.0
673.5
937.5
559.0
408.0
1187.5
435.0
670.5
413.0
87.0
576.5
807.5
288.0
83.5
393.5
278.0
291.5
200.5
648.0
138.0
167.0
78.0
700.0
480.5
480.0
404.5
136.5
70.5
628.0
292.0
261.5
222.0
281.5
166.0
211.5
44.5
261.5
458.0
254.5
618.5
189.0
120.5
205.5
594.0
309.5
339.0
255.0
996.5
130.5
140.0
477.0
37.0
54.5
544.5
199.5
410.5
32.0
728.5
80.5
219.0
170.5
417.5
1225.0
797.0
61.5
540.0
143.5
89.5
258.5
181.0
343.0
286.0
364.0
53.0
146.0
41.5
667.0
217.0
388.5
44.0
27.5
150.5
265.5
258.0
206.5
232.0
152.0
37.5
402.0
452.5
36.0
16.5
125.0
97.0
465.0
32.0
198.5
39.0
195.5
111.0
109.0
34.0
496.0
74.5
300.5
68.0
134.5
127.0
27.0
170.0
10.0
65.0
26.5
456.0
3.0
144.5
657.5
195.5
674.5
956.5
365.0
1019.0
203.5
13.5
671.0
96.5
41.5
90.5
31.0
254.0
614.0
140.0
449.0
586.5
409.0
241.5
685.0
55.5
272.5
539.5
487.0
512.5
263.0
25.5
574.0
82.0
12.5
144.0
71.5
56.5
662.0
219.0
115.5
157.0
793.0
193.5
215.5
198.0
110.5
58.5
181.5
293.5
228.0
622.0
416.5
105.5
1057.0
446.5
282.0
132.0
284.0
74.5
481.5
390.0
171.0
383.0
247.5
168.0
361.0
314.5
272.5
357.5
346.0
91.0
354.5
182.5
204.5
126.0
209.0
742.5
112.5
227.0
159.5
62.5
256.5
241.0
656.0
946.0
85.5
108.0
1037.5
155.0
371.5
60.0
547.0
475.0
518.5
122.0
86.0
204.0
69.0
886.5
441.5
456.5
174.0
734.5
414.5
386.0
266.5
73.0
508.5
253.5
14.5
155.5
26.0
157.5
79.5
126.5
30.5
257.5
328.5
155.5
692.5
3.5
471.5
323.5
6.5
24.0
403.0
258.5
137.5
580.0
239.0
75.0
701.5
182.5
27.0
4.0
212.0
33.0
244.5
248.0
122.0
558.5
135.0
421.5
457.0
