190
394
181
1: 111 342 49 57 129 110 338 131
2: 342 257 11 218 364 48 174 363
3: 330 256 341 285 210 362 313 304
4: 55 333 162 72 330 64 165 294
5: 259 341 40 256 340 235 10 55
6: 257 251 341 59 304 333 111 10
7: 48 57 362 22 160 335 116 129
8: 263 264 43 44 55 360 333 4
9: 216 224 225 179 215 107 291 105
10: 350 358 278 196 87 85 270 201
11: 273 357 152 281 346 196 306 110
12: 196 276 203 279 267 238 258 307
13: 251 136 258 304 285 43 236 135
14: 328 162 333 18 155 43 167 251
15: 257 190 135 350 151 123 60 274
16: 105 217 13 168 257 111 74 159
17: 251 260 59 55 44 193 209 14
18: 333 149 244 184 44 105 155 162
19: 276 154 261 257 135 136 241 236
20: 285 255 251 346 136 278 198 235
21: 57 48 291 51 167 116 158 281
22: 57 344 247 48 46 297 279 329
23: 251 59 49 168 41 158 55 141
24: 4 1 322 317 232 242 340 263
25: 276 278 356 355 267 103 298 196
26: 119 171 284 294 145 68 268 332
27: 346 257 48 44 340 105 254 43
28: 322 242 394 339 193 190 207 304
29: 10 304 360 346 150 44 8 328
30: 168 18 162 319 19 86 153 333
31: 219 218 174 104 11 230 175 336
32: 326 29 297 212 100 105 185 18
33: 341 111 43 48 154 20 70 250
34: 172 307 44 297 251 63 361 285
35: 154 55 59 347 346 111 239 236
36: 105 43 38 174 216 230 326 10
37: 341 360 261 150 285 259 332
38: 4 328 5 27 333 181 155 319
39: 236 241 304 308 10 251 285 257
40: 44 251 99 358 37 353 85 98
41: 333 120 331 156 216 296 107 25
42: 140 362 334 59 285 111 48 43
43: 151 150 49 314 162 241 247 338
44: 111 251 48 285 341 55 43 304
45: 45 216 224 105 299 225 174 18
46: 39 296 225 220 174 298 70 202
47: 111 341 332 353 336 55 234 285
48: 337 338 55 100 56 99 226 174
49: 55 350 267 77 70 310 232 210
50: 236 235 360 341 281 285 353
51: 254 264 77 341 304 43 44 285
52: 163 240 16 256 37 307 321 346
53: 165 164 141 341 58 330 37 29
54: 161 242 4 376 2 316 313 195
55: 297 216 179 224 20 175 167 41
56: 266 286 302 84 176 49 39 297
57: 336 380 377 312 320 78 20 246
58: 146 178 38 110 342 105 247
59: 368 366 203 285 199 207 84 266
60: 261 239 154 257 177 232 48 276
61: 321 40 257 137 172 192 268 250
62: 174 175 216 213 96 226 105 340
63: 319 328 333 366 168 368 288 289
64: 40 341 332 44 328 111 105 299
65: 154 105 172 43 48 216 158 294
66: 10 120 176 212 165 137 353 179
67: 53 360 111 231 341 322 46 326
68: 43 39 315 168 321 332 285
69: 44 137 333 291 145 107 289 211
70: 29 162 333 139 40 332 296 175
71: 168 307 167 333 304 44 86 240
72: 326 135 172 100 4 217 76 154
73: 158 41 46 250 255 241 313 308
74: 196 124 85 203 87 355 274 94
75: 257 359 261 341 320 306 111 190
76: 45 297 111 105 236 48 308 85
77: 314 160 315 43 144 297 40 230
78: 20 43 39 116 158 291 160 293
79: 87 89 359 44 360 150 167 304
80: 2 322 5 190 242 195 263 15
81: 143 333 55 259 110 48 308 341
82: 55 346 53 257 259 48 236 320
83: 355 87 135 357 88 136 158 104
84: 371 22 159 80 359 65 133 23
85: 87 89 111 353 341 231 365 257
86: 104 211 163 328 160 326 149 98
87: 353 86 351 87 40 163 167 304
88: 285 236 59 60 37 16 308 258
89: 207 198 266 201 355 254 48 293
90: 55 49 60 41 43 20 16 100
91: 258 308 205 136 285 362 172 86
92: 272 210 327 230 333 4 70 11
93: 48 255 346 309 343 86 44 43
94: 291 49 297 111 357 158 240 340
95: 364 331 292 391 172 251 334 69
96: 167 333 111 135 18 299 65 364
97: 308 285 232 320 236 341 56 359
98: 43 49 44 236 232 253 265 105
99: 350 210 55 341 382 251 232
100: 49 39 48 13 337 43 84 232
101: 199 86 280 285 239 355 209 360
102: 10 304 241 285 308 258 353 281
103: 149 87 84 271 352 196 37 199
104: 154 70 258 49 308 292 316 196
105: 353 241 236 257 261 46 284 154
106: 105 48 44 292 237 257 111 361
107: 286 84 270 281 85 155 259
108: 265 37 74 320 359 341 59 293
109: 385 393 330 158 76 265 153 263
110: 41 172 40 173 211 165 164 294
111: 135 136 196 199 87 86 304 354
112: 162 328 167 43 251 44 297 70
113: 360 285 251 43 239 154 235 111
114: 84 276 352 269 85 357 150
115: 282 298 29 367 203 14 258
116: 336 43 326 341 49 133 320 257
117: 322 273 341 353 3 175 382 264
118: 276 105 201 48 86 350 257 56
119: 188 199 276 146 40 4 43 362
120: 388 20 49 353 236 262 44 281
121: 49 46 43 111 158 110 285 59
122: 230 224 175 216 294 116 29
123: 331 29 171 220 64 155 65 141
124: 49 350 74 18 285 343 190 136
125: 39 173 309 45 70 313 341 357
126: 150 44 300 173 298 37 195 253
127: 364 140 255 40 342 304 285 72
128: 18 256 262 350 307 308 10 333
129: 276 196 111 87 10 355 44 294
130: 236 285 241 251 43 281 293 333
131: 39 44 314 123 355 208 96
132: 49 233 232 342 360 264 263 208
133: 86 307 20 44 308 340 313 251
134: 45 285 46 154 241 261 236 158
135: 48 307 346 43 251 49 232 297
136: 55 343 13 59 350 342 361 111
137: 353 239 70 307 260 40 177 210
138: 195 308 304 251 4 8 43 193
139: 135 136 308 304 43 44 262 251
140: 99 284 333 87 40 241 360 321
141: 59 55 255 276 394 153 275 200
142: 262 236 18 55 135 256 16
143: 46 257 43 341 251 315 172 314
144: 360 46 172 105 295 156 333 143
145: 128 46 191 50 349 58 299 219
146: 104 154 98 110 48 164 261 310
147: 259 231 44 308 298 147 106 346
148: 107 38 108 185 46 314 143 48
149: 92 208 59 346 86 200 307 255
150: 270 159 357 48 111 154 346 46
151: 84 307 87 196 285 304 274 199
152: 173 43 27 55 314 12 116 359
153: 285 208 207 342 307 308 48 49
154: 98 120 40 162 99 43 251 55
155: 174 316 40 74 216 226 382 157
156: 199 299 150 276 105 235 329 135
157: 341 330 69 241 29 252 313 8
158: 362 4 8 316 15 321 233 18
159: 149 148 385 18 350 300 382 319
160: 281 285 236 43 258 251 239 84
161: 185 224 179 65 156 6 211 327
162: 59 10 343 257 236 337 304 56
163: 247 29 342 39 129 49 48 76
164: 183 357 174 18 98 279 143 269
165: 333 226 300 39 109 145 215 170
166: 5 65 15 359 245 210 162 278
167: 252 320 283 41 328 240 82 29
168: 307 308 44 43 258 359 257 154
169: 314 175 40 374 165 29 333 100
170: 236 241 273 355 268 358
171: 261 48 162 154 333 105 316 1
172: 229 314 237 108 70 117 40 97
173: 352 280 275 357 103 137 97 95
174: 162 331 297 105 284 236 22 29
175: 276 19 352 74 48 261 254 111
176: 165 166 105 111 59 104 299 296
177: 172 360 37 86 340 41 258 241
178: 49 285 123 45 308 73 52 313
179: 276 285 261 278 357 251 236 352
180: 308 307 353 59 137 48 257 40
181: 251 259 55 53 308 44 43 111
182: 159 158 37 86 41 172 229 241
183: 43 255 293 74 56 179 39 115
184: 18 148 150 258 135 256 232 382
185: 216 215 159 37 129 128 340
186: 116 345 110 342 31 58 224 46
187: 105 104 116 115 297 132 157 57
188: 172 137 95 258 252 353 304 39
189: 304 353 346 148 258 55 44 241
190: 353 16 350 18 252 10 136 283
1: 1 101
2: 1 101
3: 1 101
4: 1 101
5: 1 101
6: 1 101
7: 1 101
8: 1 101
9: 1 111
10: 1 111
11: 1 111
12: 1 111
13: 1 111
14: 1 110
15: 1 110
16: 1 110
17: 1 110
18: 1 110
19: 1 110
20: 1 110
21: 1 110
22: 1 110
23: 1 110
24: 1 5
25: 1 5
26: 1 5
27: 1 5
28: 1 5
29: 1 5
30: 1 5
31: 1 5
32: 1 5
33: 1 5
34: 1 5
35: 1 5
36: 1 5
37: 1 103
38: 1 103
39: 1 103
40: 1 103
41: 1 103
42: 1 103
43: 1 103
44: 1 103
45: 1 103
46: 1 103
47: 1 103
48: 1 105
49: 1 105
50: 1 105
51: 1 105
52: 1 -1
53: 1 -1
54: 1 -1
55: 1 -1
56: 1 -1
57: 1 -1
58: 1 -1
59: 1 -1
60: 1 -1
61: 1 53
62: 1 53
63: 1 53
64: 1 53
65: 1 53
66: 1 53
67: 1 53
68: 1 53
69: 1 53
70: 1 53
71: 1 158
72: 1 158
73: 1 158
74: 1 158
75: 1 158
76: 1 158
77: 1 158
78: 1 158
79: 1 158
80: 1 158
81: 1 158
82: 1 158
83: 1 158
84: 1 51
85: 1 51
86: 1 51
87: 1 51
88: 1 51
89: 1 51
90: 1 51
91: 1 51
92: 1 51
93: 1 37
94: 1 37
95: 1 37
96: 1 37
97: 1 37
98: 1 37
99: 1 37
100: 1 37
101: 1 37
102: 1 37
103: 1 102
104: 1 8
105: 1 8
106: 1 8
107: 1 8
108: 1 8
109: 1 8
110: 1 120
111: 1 120
112: 1 120
113: 1 120
114: 1 120
115: 1 120
116: 1 120
117: 1 106
118: 1 106
119: 1 106
120: 1 106
121: 1 106
122: 1 106
123: 1 106
124: 1 106
125: 1 56
126: 1 56
127: 1 56
128: 1 56
129: 1 56
130: 1 56
131: 1 56
132: 1 56
133: 1 56
134: 1 56
135: 1 68
136: 1 68
137: 1 33
138: 1 132
139: 1 132
140: 1 132
141: 1 132
142: 1 132
143: 1 132
144: 1 132
145: 1 132
146: 1 132
147: 1 132
148: 1 57
149: 1 57
150: 1 57
151: 1 57
152: 1 57
153: 1 57
154: 1 57
155: 1 57
156: 1 57
157: 1 174
158: 1 174
159: 1 174
160: 1 174
161: 1 174
162: 1 76
163: 1 76
164: 1 76
165: 1 76
166: 1 76
167: 1 76
168: 1 76
169: 1 76
170: 1 85
171: 1 85
172: 1 85
173: 1 85
174: 1 85
175: 1 85
176: 1 85
177: 1 85
178: 1 85
179: 1 85
180: 1 23
181: 1 23
182: 1 23
183: 1 23
184: 1 23
185: 1 23
186: 1 23
187: 1 97
188: 1 97
189: 1 97
190: 1 97
191: 1 97
192: 1 97
193: 1 97
194: 1 97
195: 1 97
196: 1 175
197: 1 175
198: 1 175
199: 1 175
200: 1 175
201: 1 175
202: 1 175
203: 1 175
204: 1 175
205: 1 175
206: 1 175
207: 1 100
208: 1 100
209: 1 100
210: 1 100
211: 1 19
212: 1 19
213: 1 19
214: 1 19
215: 1 19
216: 1 19
217: 1 19
218: 1 19
219: 1 19
220: 1 19
221: 1 181
222: 1 181
223: 1 181
224: 1 181
225: 1 181
226: 1 181
227: 1 181
228: 1 181
229: 1 181
230: 1 181
231: 1 24
232: 1 24
233: 1 24
234: 1 24
235: 1 24
236: 1 24
237: 1 24
238: 1 24
239: 1 24
240: 1 24
241: 1 24
242: 1 28
243: 1 49
244: 1 178
245: 1 178
246: 1 153
247: 1 153
248: 1 153
249: 1 153
250: 1 17
251: 1 17
252: 1 17
253: 1 17
254: 1 17
255: 1 17
256: 1 17
257: 1 17
258: 1 17
259: 1 17
260: 1 17
261: 1 17
262: 1 17
263: 1 17
264: 1 17
265: 1 17
266: 1 17
267: 1 80
268: 1 80
269: 1 107
270: 1 107
271: 1 107
272: 1 107
273: 1 107
274: 1 107
275: 1 107
276: 1 107
277: 1 107
278: 1 107
279: 1 107
280: 1 107
281: 1 113
282: 1 113
283: 1 113
284: 1 113
285: 1 113
286: 1 113
287: 1 113
288: 1 113
289: 1 113
290: 1 113
291: 1 140
292: 1 140
293: 1 140
294: 1 140
295: 1 140
296: 1 140
297: 1 140
298: 1 140
299: 1 140
300: 1 140
301: 1 6
302: 1 6
303: 1 6
304: 1 6
305: 1 6
306: 1 6
307: 1 6
308: 1 6
309: 1 6
310: 1 6
311: 1 34
312: 1 34
313: 1 70
314: 1 70
315: 1 70
316: 1 70
317: 1 70
318: 1 70
319: 1 70
320: 1 70
321: 1 70
322: 1 70
323: 1 155
324: 1 155
325: 1 155
326: 1 155
327: 1 142
328: 1 142
329: 1 104
330: 1 104
331: 1 104
332: 1 104
333: 1 104
334: 1 92
335: 1 54
336: 1 54
337: 1 54
338: 1 54
339: 1 54
340: 1 125
341: 1 125
342: 1 125
343: 1 125
344: 1 125
345: 1 125
346: 1 125
347: 1 125
348: 1 125
349: 1 125
350: 1 18
351: 1 18
352: 1 18
353: 1 18
354: 1 18
355: 1 18
356: 1 18
357: 1 18
358: 1 18
359: 1 108
360: 1 171
361: 1 171
362: 1 171
363: 1 171
364: 1 171
365: 1 161
366: 1 161
367: 1 161
368: 1 161
369: 1 117
370: 1 117
371: 1 117
372: 1 117
373: 1 117
374: 1 117
375: 1 117
376: 1 117
377: 1 117
378: 1 117
379: 1 168
380: 1 168
381: 1 168
382: 1 168
383: 1 168
384: 1 168
385: 1 43
386: 1 43
387: 1 43
388: 1 43
389: 1 43
390: 1 43
391: 1 43
392: 1 43
393: 1 43
394: 1 43
1: 3
2: 3
3: 3
4: 3
5: 0
6: 0
7: 3
8: 0
9: 3
10: 3
11: 3
12: 3
13: 3
14: 3
15: 3
16: 3
17: 0
18: 0
19: 0
20: 3
21: 3
22: 3
23: 0
24: 0
25: 3
26: 3
27: 3
28: 2
29: 3
30: 3
31: 3
32: 3
33: 0
34: 1
35: 3
36: 3
37: 0
38: 3
39: 3
40: 3
41: 3
42: 3
43: 0
44: 3
45: 2
46: 3
47: 3
48: 3
49: 2
50: 3
51: 0
52: 3
53: 0
54: 0
55: 3
56: 0
57: 0
58: 3
59: 3
60: 3
61: 3
62: 3
63: 3
64: 3
65: 3
66: 3
67: 3
68: 1
69: 3
70: 0
71: 3
72: 3
73: 3
74: 3
75: 3
76: 0
77: 3
78: 3
79: 3
80: 0
81: 3
82: 3
83: 3
84: 3
85: 0
86: 3
87: 3
88: 3
89: 3
90: 3
91: 3
92: 1
93: 2
94: 3
95: 3
96: 3
97: 0
98: 2
99: 3
100: 0
101: 0
102: 2
103: 0
104: 0
105: 1
106: 0
107: 0
108: 1
109: 3
110: 0
111: 0
112: 3
113: 0
114: 3
115: 3
116: 3
117: 0
118: 3
119: 3
120: 0
121: 3
122: 3
123: 3
124: 3
125: 0
126: 3
127: 3
128: 3
129: 3
130: 3
131: 3
132: 0
133: 0
134: 3
135: 3
136: 3
137: 3
138: 3
139: 3
140: 0
141: 2
142: 2
143: 3
144: 3
145: 3
146: 3
147: 3
148: 3
149: 3
150: 3
151: 3
152: 3
153: 1
154: 3
155: 1
156: 3
157: 3
158: 0
159: 3
160: 3
161: 0
162: 3
163: 3
164: 3
165: 3
166: 3
167: 3
168: 1
169: 3
170: 3
171: 1
172: 3
173: 3
174: 0
175: 0
176: 3
177: 3
178: 2
179: 3
180: 3
181: 0
