860.0
603.5
501.0
816.5
591.0
615.5
782.5
741.5
1069.5
824.0
767.5
1038.5
784.5
722.0
932.0
197.5
745.0
346.0
217.0
737.5
165.0
857.5
577.5
928.5
770.0
594.5
1000.0
746.5
822.0
460.0
791.5
1056.5
569.5
700.0
501.0
935.0
806.0
670.5
601.5
441.5
826.5
734.0
371.0
341.0
1123.0
977.5
974.5
1017.5
767.5
653.0
537.5
831.0
749.5
1013.0
941.5
948.5
738.5
613.5
791.5
1101.0
720.5
920.0
716.5
952.5
743.5
778.5
575.0
897.0
855.5
807.0
519.5
987.5
536.5
848.5
672.5
1000.5
1049.5
974.5
494.0
884.0
472.5
683.5
775.0
840.0
983.5
598.5
604.5
1090.5
643.5
865.5
662.5
882.0
669.5
917.0
982.0
703.0
463.5
857.5
968.0
750.5
478.0
759.5
742.0
656.0
1000.0
801.5
791.0
394.5
663.5
1124.5
314.5
576.5
902.0
766.5
519.0
1063.0
503.5
613.0
911.5
803.5
856.5
558.5
724.5
888.0
1007.5
746.0
219.5
1013.0
1018.5
703.5
555.0
770.5
381.0
596.5
519.0
804.5
979.5
884.0
374.0
1153.5
369.5
644.0
920.0
284.0
744.0
482.5
548.0
390.5
712.0
694.0
819.0
531.0
1183.5
454.5
778.5
1013.5
848.0
648.5
681.5
219.5
1103.0
328.0
764.0
666.0
778.0
291.0
1020.0
688.5
1078.5
945.0
516.5
343.0
286.0
390.5
461.5
784.0
677.0
827.0
965.5
1082.5
598.0
1123.0
910.0
893.5
1104.5
976.0
1069.5
408.0
1020.0
642.5
391.0
898.0
805.5
699.0
368.0
819.5
844.0
954.0
744.5
665.5
1023.0
184.0
1066.0
737.5
565.5
958.0
828.0
144.5
940.5
1063.0
1177.0
809.5
437.0
830.5
933.5
737.5
604.5
780.5
1080.5
1096.0
651.5
936.0
930.0
1098.0
398.0
713.0
864.0
985.5
528.0
601.5
1017.5
1053.5
744.0
973.0
787.0
526.5
254.5
718.0
526.5
421.0
221.5
635.0
1028.5
581.5
792.0
930.5
716.0
98.0
1086.5
840.5
831.0
341.5
887.5
1051.0
1110.5
903.5
1176.5
612.5
386.0
729.0
898.5
873.5
746.5
888.5
935.0
1115.0
573.5
753.0
975.5
477.5
860.5
1113.5
908.0
668.5
825.5
824.5
486.0
831.0
883.0
822.5
750.5
406.5
934.5
1040.5
776.5
932.5
599.5
1034.0
193.0
744.0
910.5
557.5
694.5
694.5
863.5
471.5
622.5
526.5
507.5
535.5
977.5
492.0
774.5
703.0
854.0
817.5
264.5
706.0
688.0
664.0
769.0
1165.5
985.0
345.0
836.5
463.0
601.0
758.5
426.0
422.5
297.0
845.0
400.0
1130.5
597.5
459.5
903.0
878.0
634.0
323.5
934.5
964.0
892.0
763.5
887.0
743.5
585.0
1041.0
548.5
903.5
504.5
884.5
317.5
452.0
474.5
864.0
187.5
574.5
462.0
187.5
652.0
733.0
496.5
728.5
580.5
632.5
819.5
261.0
880.5
851.0
1125.5
586.5
950.5
943.5
1102.0
788.5
184.5
227.5
714.0
623.0
607.5
617.0
1077.0
499.5
423.5
755.5
1066.5
881.0
387.5
518.0
424.0
442.5
895.5
370.5
455.5
401.5
1030.0
539.5
605.5
377.5
616.5
733.0
711.5
863.5
425.0
731.0
441.0
907.5
855.0
646.5
643.5
431.0
1176.5
510.0
1113.0
1071.5
397.5
648.0
128.0
807.0
219.0
889.0
1043.0
333.5
417.0
176.5
347.0
924.0
670.0
503.5
456.0
681.5
279.0
884.5
1070.0
636.0
370.0
1087.5
540.5
850.0
864.0
1035.0
574.5
860.0
815.5
883.0
418.0
614.5
951.5
399.5
895.5
602.5
386.0
113.5
754.0
236.0
676.0
884.5
1058.0
204.0
345.5
753.0
974.0
946.0
327.5
863.5
141.5
1153.5
470.5
243.5
1069.5
598.0
446.5
1059.0
339.0
843.0
1068.0
462.5
955.5
467.0
963.5
641.5
1037.0
184.0
456.5
974.5
460.5
543.5
706.5
878.5
661.5
155.5
725.0
48.0
133.0
887.5
207.5
628.5
577.0
797.5
1009.0
130.0
1027.0
1100.5
925.5
563.5
907.0
74.0
626.5
322.5
551.0
341.0
245.0
663.0
848.5
1013.5
672.5
258.5
468.5
565.5
269.5
700.0
1035.0
1144.5
926.0
890.5
363.0
167.0
786.0
879.0
619.5
239.0
451.5
423.5
171.5
293.5
750.0
327.0
64.0
937.5
977.0
367.5
389.0
771.0
408.0
404.0
287.0
273.0
909.5
365.0
658.5
742.5
692.5
484.5
983.0
416.5
324.0
721.0
614.5
835.5
691.5
772.5
488.5
1156.0
632.5
140.0
954.5
521.5
633.0
399.5
631.0
942.0
634.5
628.5
892.0
464.0
283.5
385.5
498.0
634.0
861.0
898.0
613.0
753.5
750.5
562.5
294.0
655.0
52.0
630.5
351.5
781.5
569.0
107.5
350.0
419.0
495.0
296.0
545.5
479.5
723.5
1061.5
177.5
178.5
562.0
439.0
498.0
366.0
591.0
1040.0
486.0
510.5
148.0
382.5
885.0
957.5
725.5
336.5
1086.5
999.0
1082.5
434.0
332.0
451.0
715.0
1053.0
184.5
873.5
222.0
76.0
246.0
326.0
448.0
702.0
122.0
72.0
84.5
361.5
167.0
458.5
432.5
557.5
148.5
999.0
429.5
833.0
267.5
93.0
244.0
251.5
588.0
978.5
675.0
1101.5
703.0
433.5
595.5
285.0
511.5
596.5
459.0
49.0
1086.0
130.0
816.0
600.5
217.5
330.5
1137.5
604.5
565.5
989.5
183.5
605.5
765.0
481.5
858.0
74.0
865.5
291.0
771.0
294.0
1063.0
355.0
297.0
1091.5
686.0
396.0
112.5
461.0
574.0
1160.0
630.5
898.0
1095.5
227.5
711.0
784.5
349.0
36.5
323.0
990.0
272.0
30.0
514.5
535.0
552.5
234.0
448.5
706.5
774.5
1051.5
1138.0
447.5
685.5
35.0
348.0
112.5
807.5
708.5
385.5
801.0
460.0
745.0
204.0
987.0
683.0
821.5
1116.0
673.0
606.5
402.0
206.0
1093.0
941.5
611.5
373.5
1129.0
498.5
991.5
812.5
272.0
692.0
636.0
202.5
724.5
1078.0
453.5
191.0
807.5
954.5
279.0
198.0
194.0
538.5
546.5
117.0
435.5
14.5
1083.0
962.5
733.5
308.5
269.0
527.5
630.5
426.0
620.0
109.5
311.0
800.5
858.0
341.5
479.5
406.5
1140.5
509.0
1127.5
631.5
491.5
769.0
327.0
265.0
777.5
538.0
353.5
722.0
299.0
215.0
415.5
386.0
834.5
606.5
538.5
472.0
858.0
41.5
730.5
331.5
526.5
667.0
104.0
152.0
492.0
835.0
1168.0
270.0
599.0
778.0
725.0
1056.0
501.5
713.5
571.0
916.5
135.0
966.5
722.0
760.5
488.5
805.0
431.0
609.5
930.5
257.0
390.0
700.0
449.0
981.5
437.5
443.5
449.0
259.5
338.5
598.5
752.5
332.5
327.5
175.5
497.0
722.0
544.0
798.5
928.0
360.0
746.0
707.0
766.0
211.0
919.5
730.0
347.0
259.5
1077.0
716.0
1007.5
939.5
1107.5
482.5
831.5
530.5
722.0
697.0
317.5
502.5
290.5
566.0
293.0
296.5
414.0
421.5
396.0
528.0
342.5
672.5
358.5
630.5
512.5
502.0
173.0
141.0
571.0
571.5
311.0
175.5
976.5
539.0
177.5
274.5
308.5
175.5
222.0
500.0
535.0
447.5
1058.0
500.0
746.0
789.0
859.5
191.5
770.0
205.0
1139.0
389.5
519.5
1000.5
595.0
288.5
856.0
399.0
582.5
724.5
1171.5
167.5
435.5
603.5
423.5
386.5
1034.5
485.0
860.5
966.0
362.0
550.0
168.0
943.0
488.0
722.5
1077.5
128.0
434.5
274.5
982.0
92.5
670.0
994.0
159.0
128.0
81.0
311.0
370.5
299.0
9.0
148.0
263.5
65.0
643.0
531.0
153.5
376.5
1070.5
411.0
754.0
715.0
20.5
102.0
389.5
469.5
1009.0
683.5
438.5
197.5
278.5
330.5
607.5
65.0
423.5
389.0
139.5
821.5
662.5
1023.0
918.0
80.5
837.0
1134.0
576.5
899.5
885.5
617.0
401.5
410.5
377.0
679.5
431.0
112.5
331.5
333.5
318.0
338.0
1155.0
889.0
309.5
1024.5
535.5
836.5
419.0
664.0
877.5
412.5
660.5
908.0
848.5
334.5
442.5
393.0
345.0
1127.0
559.0
337.0
730.0
781.0
183.5
163.0
907.0
352.0
970.5
537.5
641.5
313.0
646.0
817.5
19.0
958.0
632.0
274.0
1042.0
692.5
607.0
547.5
355.0
337.5
426.5
493.5
305.5
503.0
32.5
327.0
683.5
615.0
930.5
564.5
449.5
547.0
180.0
896.5
646.5
586.0
112.5
14.0
162.0
275.5
447.5
1162.0
574.5
482.5
67.0
402.0
161.5
134.5
443.0
1084.0
589.5
597.5
630.0
67.0
820.5
659.0
449.5
281.0
469.5
270.0
23.5
711.0
72.5
497.0
591.0
758.0
403.0
199.0
919.5
121.5
679.0
613.5
52.5
159.0
652.0
179.0
463.5
1104.5
182.5
35.5
834.0
659.0
737.0
786.0
1148.0
214.0
303.5
556.5
859.5
355.0
1095.0
714.5
414.5
639.0
476.5
130.0
551.0
161.5
186.5
446.5
781.0
897.5
251.5
957.0
986.5
1036.5
510.5
585.5
889.5
855.5
65.0
102.0
257.5
376.0
815.5
286.5
857.0
749.0
754.5
1046.0
1065.5
646.0
979.0
343.0
393.0
59.0
482.0
37.0
483.0
187.5
171.0
44.5
471.5
642.5
480.5
536.0
28.5
87.0
155.0
383.0
294.0
560.5
511.0
848.5
202.5
399.0
298.0
428.5
267.0
988.0
123.5
924.0
68.5
193.0
677.5
416.5
1052.0
224.0
1048.0
133.0
394.5
421.5
840.5
1141.5
145.5
784.5
18.5
110.5
497.0
114.5
377.5
774.5
344.5
722.0
283.5
728.5
28.5
203.5
345.0
1118.5
717.5
631.5
490.0
809.5
415.5
389.5
760.0
848.5
405.5
1066.0
799.0
22.5
874.0
720.5
146.5
1125.5
1063.5
464.0
249.5
640.5
865.5
257.5
157.5
908.5
270.5
158.5
573.5
193.5
239.5
473.0
722.0
961.0
753.5
643.0
317.0
21.0
1015.0
