1156.0
208.0
63.0
1053.0
63.0
1156.0
1156.0
63.0
1218.0
1156.0
1203.0
1203.0
208.0
1053.0
1218.0
208.0
1212.0
1156.0
63.0
1156.0
208.0
1156.0
63.0
1156.0
1053.0
384.0
1156.0
208.0
208.0
1053.0
208.0
1053.0
1203.0
1203.0
208.0
1156.0
1053.0
1156.0
63.0
63.0
384.0
1203.0
208.0
208.0
1203.0
1212.0
1203.0
1156.0
1156.0
1053.0
1156.0
1203.0
208.0
1218.0
1053.0
1053.0
1053.0
208.0
1156.0
1212.0
384.0
1218.0
1203.0
1156.0
1053.0
1203.0
1156.0
858.0
1156.0
1053.0
208.0
1156.0
384.0
953.0
953.0
953.0
1053.0
554.0
10.0
1156.0
1053.0
1053.0
1156.0
1156.0
1218.0
208.0
1203.0
1053.0
1203.0
384.0
208.0
1053.0
1156.0
1203.0
1212.0
63.0
384.0
1053.0
1156.0
208.0
63.0
1203.0
63.0
1156.0
1156.0
1203.0
1053.0
208.0
208.0
1156.0
63.0
208.0
1156.0
1156.0
953.0
1203.0
1156.0
208.0
1156.0
1203.0
1203.0
1156.0
1156.0
1212.0
1156.0
1053.0
208.0
1156.0
1156.0
1053.0
208.0
1053.0
554.0
1053.0
1156.0
1212.0
1203.0
1053.0
10.0
1219.0
63.0
1203.0
1053.0
63.0
1156.0
208.0
1053.0
63.0
208.0
1156.0
1053.0
208.0
1218.0
10.0
1156.0
1156.0
1053.0
1156.0
1156.0
63.0
1203.0
208.0
858.0
1156.0
1203.0
384.0
1212.0
1156.0
953.0
1156.0
1053.0
63.0
63.0
208.0
1053.0
1053.0
1053.0
1053.0
1156.0
1203.0
1155.0
1203.0
1156.0
1156.0
1156.0
1053.0
1156.0
384.0
858.0
953.0
208.0
1203.0
1156.0
1053.0
63.0
1053.0
1156.0
1053.0
1156.0
208.0
1156.0
63.0
1203.0
384.0
384.0
1053.0
953.0
10.0
1053.0
953.0
1203.0
384.0
384.0
1052.0
1053.0
1053.0
953.0
1156.0
953.0
1156.0
1203.0
1053.0
1156.0
1203.0
63.0
1156.0
1156.0
384.0
1052.0
1053.0
1203.0
1203.0
1156.0
1156.0
384.0
1053.0
208.0
208.0
554.0
953.0
384.0
953.0
1156.0
1053.0
858.0
1053.0
1156.0
10.0
953.0
707.0
1156.0
208.0
1053.0
1203.0
1156.0
554.0
953.0
1053.0
953.0
10.0
1203.0
1156.0
208.0
384.0
1212.0
1203.0
63.0
1203.0
1156.0
1053.0
1156.0
1203.0
1156.0
1053.0
384.0
953.0
1053.0
1156.0
1053.0
208.0
953.0
208.0
1203.0
1053.0
208.0
1156.0
554.0
1053.0
208.0
1053.0
1053.0
384.0
1053.0
554.0
1203.0
208.0
384.0
1156.0
384.0
208.0
1203.0
63.0
1053.0
858.0
1053.0
953.0
208.0
384.0
1053.0
384.0
1156.0
1053.0
953.0
1051.0
1053.0
1053.0
1053.0
953.0
208.0
1156.0
384.0
1053.0
208.0
1203.0
953.0
208.0
1053.0
1053.0
953.0
384.0
1156.0
1053.0
1156.0
1155.0
1053.0
1156.0
1156.0
1203.0
208.0
384.0
384.0
1053.0
384.0
554.0
208.0
1156.0
208.0
554.0
384.0
208.0
1052.0
384.0
858.0
208.0
384.0
953.0
1053.0
63.0
1053.0
1156.0
1203.0
953.0
953.0
953.0
1053.0
1053.0
63.0
384.0
384.0
952.0
384.0
384.0
1053.0
953.0
384.0
953.0
1053.0
1156.0
384.0
208.0
63.0
1156.0
1156.0
858.0
63.0
208.0
1156.0
208.0
208.0
384.0
801.0
384.0
953.0
1053.0
554.0
1156.0
384.0
1203.0
953.0
554.0
554.0
384.0
1203.0
707.0
1212.0
952.0
1053.0
953.0
208.0
1156.0
63.0
1156.0
858.0
384.0
384.0
208.0
858.0
953.0
953.0
858.0
208.0
953.0
63.0
1053.0
952.0
858.0
208.0
1156.0
1053.0
953.0
953.0
1053.0
952.0
1156.0
554.0
1156.0
953.0
384.0
953.0
554.0
953.0
953.0
384.0
63.0
953.0
384.0
953.0
953.0
1203.0
384.0
953.0
858.0
1053.0
1053.0
384.0
1156.0
208.0
1203.0
953.0
208.0
1156.0
1053.0
63.0
953.0
554.0
1053.0
1053.0
858.0
1203.0
953.0
1156.0
858.0
953.0
208.0
858.0
554.0
953.0
208.0
858.0
858.0
953.0
208.0
1156.0
208.0
10.0
953.0
554.0
1053.0
707.0
953.0
1053.0
384.0
1053.0
1156.0
953.0
554.0
1053.0
554.0
1053.0
953.0
554.0
208.0
384.0
1053.0
953.0
1053.0
858.0
384.0
554.0
953.0
384.0
1053.0
858.0
1053.0
1053.0
1053.0
384.0
208.0
857.0
952.0
554.0
208.0
953.0
208.0
208.0
384.0
953.0
858.0
554.0
858.0
1156.0
384.0
952.0
384.0
384.0
858.0
384.0
208.0
953.0
384.0
208.0
1053.0
554.0
707.0
1053.0
384.0
554.0
953.0
1053.0
1156.0
1053.0
953.0
208.0
1156.0
554.0
208.0
1053.0
554.0
707.0
554.0
953.0
1052.0
1053.0
858.0
858.0
858.0
208.0
63.0
953.0
1053.0
554.0
1203.0
858.0
384.0
554.0
707.0
208.0
208.0
208.0
1053.0
384.0
554.0
953.0
208.0
707.0
384.0
208.0
208.0
554.0
208.0
953.0
952.0
208.0
384.0
1052.0
384.0
858.0
707.0
384.0
1156.0
1053.0
384.0
384.0
554.0
1155.0
953.0
953.0
384.0
953.0
953.0
1156.0
384.0
384.0
953.0
554.0
800.0
857.0
953.0
858.0
63.0
208.0
801.0
554.0
953.0
858.0
207.0
10.0
384.0
208.0
953.0
554.0
554.0
801.0
1155.0
384.0
858.0
208.0
554.0
554.0
63.0
384.0
1053.0
953.0
952.0
1203.0
208.0
856.0
208.0
705.0
858.0
208.0
0.0
799.0
208.0
858.0
953.0
384.0
384.0
1203.0
554.0
858.0
858.0
554.0
384.0
707.0
953.0
554.0
208.0
953.0
384.0
554.0
384.0
1156.0
953.0
554.0
953.0
1156.0
554.0
384.0
384.0
800.0
1156.0
858.0
800.0
858.0
554.0
554.0
799.0
384.0
61.0
707.0
1156.0
208.0
208.0
858.0
384.0
554.0
208.0
707.0
554.0
858.0
953.0
952.0
384.0
858.0
10.0
384.0
384.0
554.0
953.0
707.0
953.0
858.0
1156.0
208.0
953.0
953.0
554.0
1053.0
858.0
384.0
384.0
384.0
953.0
952.0
953.0
707.0
1053.0
707.0
858.0
858.0
63.0
707.0
554.0
707.0
953.0
1156.0
384.0
63.0
554.0
858.0
384.0
208.0
794.0
554.0
858.0
63.0
858.0
382.0
1053.0
858.0
858.0
707.0
856.0
858.0
953.0
707.0
951.0
208.0
384.0
953.0
1053.0
801.0
208.0
554.0
1053.0
858.0
1053.0
705.0
554.0
384.0
384.0
801.0
801.0
554.0
208.0
1053.0
554.0
384.0
705.0
554.0
554.0
953.0
384.0
707.0
858.0
384.0
953.0
554.0
554.0
953.0
208.0
208.0
1053.0
801.0
1053.0
63.0
384.0
554.0
858.0
1053.0
953.0
707.0
858.0
858.0
707.0
1052.0
707.0
858.0
798.0
1156.0
707.0
707.0
384.0
554.0
384.0
858.0
707.0
1156.0
384.0
554.0
208.0
63.0
208.0
554.0
858.0
384.0
554.0
952.0
707.0
858.0
1053.0
707.0
801.0
953.0
858.0
707.0
801.0
384.0
801.0
1053.0
384.0
707.0
953.0
953.0
1156.0
953.0
1052.0
801.0
858.0
707.0
858.0
1053.0
554.0
208.0
208.0
707.0
553.0
208.0
793.0
1052.0
858.0
704.0
700.0
953.0
858.0
858.0
554.0
1053.0
63.0
208.0
858.0
707.0
384.0
705.0
801.0
707.0
554.0
699.0
699.0
554.0
384.0
554.0
707.0
801.0
799.0
801.0
801.0
858.0
858.0
208.0
1053.0
554.0
801.0
384.0
800.0
1156.0
858.0
858.0
858.0
384.0
800.0
799.0
1053.0
554.0
707.0
775.0
801.0
554.0
1156.0
952.0
953.0
953.0
554.0
858.0
208.0
707.0
858.0
784.0
952.0
208.0
384.0
554.0
857.0
384.0
953.0
858.0
208.0
554.0
552.0
707.0
858.0
800.0
187.0
384.0
554.0
63.0
858.0
858.0
208.0
953.0
952.0
554.0
858.0
801.0
63.0
384.0
554.0
208.0
953.0
801.0
953.0
384.0
384.0
793.0
554.0
63.0
800.0
855.0
698.0
953.0
801.0
953.0
953.0
208.0
858.0
1053.0
858.0
953.0
952.0
858.0
554.0
953.0
554.0
858.0
858.0
779.0
858.0
857.0
704.0
953.0
1156.0
857.0
778.0
1052.0
554.0
707.0
857.0
1053.0
857.0
707.0
953.0
858.0
800.0
554.0
554.0
707.0
858.0
953.0
785.0
554.0
952.0
801.0
553.0
63.0
857.0
783.0
1156.0
796.0
794.0
554.0
953.0
801.0
205.0
800.0
779.0
554.0
707.0
794.0
858.0
554.0
554.0
384.0
554.0
707.0
790.0
707.0
63.0
554.0
953.0
858.0
801.0
801.0
858.0
799.0
707.0
1053.0
1053.0
794.0
554.0
63.0
705.0
707.0
953.0
1053.0
384.0
554.0
384.0
707.0
554.0
63.0
707.0
1053.0
554.0
384.0
707.0
383.0
707.0
707.0
707.0
783.0
384.0
704.0
207.0
953.0
554.0
707.0
858.0
855.0
384.0
707.0
857.0
208.0
707.0
208.0
773.0
208.0
858.0
384.0
707.0
1053.0
554.0
384.0
858.0
706.0
858.0
953.0
858.0
554.0
699.0
858.0
800.0
554.0
801.0
953.0
707.0
801.0
707.0
208.0
785.0
208.0
553.0
707.0
800.0
799.0
701.0
801.0
953.0
800.0
858.0
858.0
554.0
799.0
690.0
554.0
553.0
707.0
801.0
554.0
707.0
953.0
801.0
1156.0
1053.0
953.0
857.0
554.0
208.0
10.0
384.0
206.0
801.0
208.0
384.0
206.0
707.0
953.0
384.0
707.0
540.0
704.0
63.0
554.0
208.0
384.0
800.0
801.0
796.0
554.0
554.0
554.0
801.0
707.0
707.0
801.0
548.0
384.0
707.0
797.0
953.0
705.0
1053.0
553.0
849.0
707.0
953.0
858.0
707.0
1156.0
62.0
790.0
384.0
208.0
384.0
858.0
703.0
384.0
778.0
858.0
208.0
384.0
554.0
1156.0
801.0
801.0
706.0
801.0
801.0
791.0
800.0
801.0
706.0
953.0
858.0
63.0
799.0
786.0
384.0
858.0
858.0
707.0
792.0
795.0
801.0
707.0
554.0
801.0
554.0
554.0
801.0
554.0
770.0
797.0
858.0
953.0
858.0
780.0
707.0
370.0
801.0
